255 255 255 255 255 255 255 255 255 255 255 255 255 255 255 255
255 230 175 175 175 240 230 221 221 230 240 175 175 175 230 255
255 175 246 207 252 207  98  28  94 157 207 252 207 246 175 255
255 175 207   0 239 207 175  14  14  75 207 239   0 207 175 255
255 175 252 239 254 207 250 219  14 164 207 254 239 252 175 255
255 240 207 207 207 246 240 140 137  33 246 207 207 207 240 255
255 230 175 169  80 240 121 146 146 175  48  86 175  98 230 255
255 244 127 118 114 227 120 139 125 219  21  47 152 199 244 255
255 244 144 108 108 137 154 155  92  77 112 138 239 107 210 255
255 200 207 180  16  33 200 146 145 175  33   0 164 175 175 255
255 240 207 207 207 246  15 147 148 175 246 239 239 168 175 255
255 175 252 239 254 207  91 215 117  11 239 224 224  61 255 255
255 175 207   0 239 207  16  43 154 250   0 224   0 210 255 255
255 175 246 207 252 207  33 117 141 255 246 239 239 168 255 255
255 230 175 175 175 240 175 175 175 255 255 175 175 175 230 255
255 255 255 255 255 255 255 255 255 255 255 255 255 255 255 255
255 255 255 255 255 255 255 255 255 255 255 255 255 255 255 255
255 230 175 175 175 240 230 221 221 230 240 175 175 175 230 255
255 175 246 207 252 207  98  28  94 157 207 252 207 246 175 255
255 175 207   0 239 207 175  14  14  75 207 239   0 207 175 255
255 175 252 239 254 207 250 219  14 164 207 254 239 252 175 255
255 240 207 207 207 246 240 140 137  33 246 207 207 207 240 255
255 230 175 169  80 240 121 146 146 175  48  86 175  98 230 255
255 244 127 118 114 227 120 139 125 219  21  47 152 199 244 255
255 244 144 108 108 137 154 155  92  77 112 138 239 107 210 255
255 200 207 180  16  33 200 146 145 175  33   0 164 175 175 255
255 240 207 207 207 246  15 147 148 175 246 239 239 168 175 255
255 175 252 239 254 207  91 215 117  11 239 224 224  61 255 255
255 175 207   0 239 207  16  43 154 250   0 224   0 210 255 255
255 175 246 207 252 207  33 117 141 255 246 239 239 168 255 255
255 230 175 175 175 240 175 175 175 255 255 175 175 175 230 255
255 255 255 255 255 255 255 255 255 255 255 255 255 255 255 255
255 255 255 255 255 255 255 255 255 255 255 255 255 255 255 255
255 230 175 175 175 240 230 221 221 230 240 175 175 175 230 255
255 175 246 207 252 207  98  28  94 157 207 252 207 246 175 255
255 175 207   0 239 207 175  14  14  75 207 239   0 207 175 255
255 175 252 239 254 207 250 219  14 164 207 254 239 252 175 255
255 240 207 207 207 246 240 140 137  33 246 207 207 207 240 255
255 230 175 169  80 240 121 146 146 175  48  86 175  98 230 255
255 244 127 118 114 227 120 139 125 219  21  47 152 199 244 255
255 244 144 108 108 137 154 155  92  77 112 138 239 107 210 255
255 200 207 180  16  33 200 146 145 175  33   0 164 175 175 255
255 240 207 207 207 246  15 147 148 175 246 239 239 168 175 255
255 175 252 239 254 207  91 215 117  11 239 224 224  61 255 255
255 175 207   0 239 207  16  43 154 250   0 224   0 210 255 255
255 175 246 207 252 207  33 117 141 255 246 239 239 168 255 255
255 230 175 175 175 240 175 175 175 255 255 175 175 175 230 255
255 255 255 255 255 255 255 255 255 255 255 255 255 255 255 255

255 255 255 255 255 255 255 255 255 255 255 255 255 255 255 255
255 230 175 175 175 240 230 244 210 175 175 255 255 255 230 255
255 175 246 207 252 207  98 199 107 175 168  61 210 168 175 255
255 175 207   0 239 207 175 152 239 164 239 224   0 239 175 255
255 175 252 239 254 207  86  47 138   0 239 224 224 239 175 255
255 240 207 207 207 246  48  21 112  33 246 239   0 246 255 255
255 230 157  75 164  33 175 219  77 175 175  11 250 255 255 255
255 221  94  14  14 137 146 125  92 145 148 117 154 141 175 255
255 221  28  14 219 140 146 139 155 146 147 215  43 117 175 255
255 230  98 175 250 240 121 120 154 200  15  91  16  33 175 255
255 240 207 207 207 246 240 227 137  33 246 207 207 207 240 255
255 175 252 239 254 207  80 114 108  16 207 254 239 252 175 255
255 175 207   0 239 207 169 118 108 180 207 239   0 207 175 255
255 175 246 207 252 207 175 127 144 207 207 252 207 246 175 255
255 230 175 175 175 240 230 244 244 200 240 175 175 175 230 255
255 255 255 255 255 255 255 255 255 255 255 255 255 255 255 255
255 255 255 255 255 255 255 255 255 255 255 255 255 255 255 255
255 230 175 175 175 240 230 244 210 175 175 255 255 255 230 255
255 175 246 207 252 207  98 199 107 175 168  61 210 168 175 255
255 175 207   0 239 207 175 152 239 164 239 224   0 239 175 255
255 175 252 239 254 207  86  47 138   0 239 224 224 239 175 255
255 240 207 207 207 246  48  21 112  33 246 239   0 246 255 255
255 230 157  75 164  33 175 219  77 175 175  11 250 255 255 255
255 221  94  14  14 137 146 125  92 145 148 117 154 141 175 255
255 221  28  14 219 140 146 139 155 146 147 215  43 117 175 255
255 230  98 175 250 240 121 120 154 200  15  91  16  33 175 255
255 240 207 207 207 246 240 227 137  33 246 207 207 207 240 255
255 175 252 239 254 207  80 114 108  16 207 254 239 252 175 255
255 175 207   0 239 207 169 118 108 180 207 239   0 207 175 255
255 175 246 207 252 207 175 127 144 207 207 252 207 246 175 255
255 230 175 175 175 240 230 244 244 200 240 175 175 175 230 255
255 255 255 255 255 255 255 255 255 255 255 255 255 255 255 255
255 255 255 255 255 255 255 255 255 255 255 255 255 255 255 255
255 230 175 175 175 240 230 244 210 175 175 255 255 255 230 255
255 175 246 207 252 207  98 199 107 175 168  61 210 168 175 255
255 175 207   0 239 207 175 152 239 164 239 224   0 239 175 255
255 175 252 239 254 207  86  47 138   0 239 224 224 239 175 255
255 240 207 207 207 246  48  21 112  33 246 239   0 246 255 255
255 230 157  75 164  33 175 219  77 175 175  11 250 255 255 255
255 221  94  14  14 137 146 125  92 145 148 117 154 141 175 255
255 221  28  14 219 140 146 139 155 146 147 215  43 117 175 255
255 230  98 175 250 240 121 120 154 200  15  91  16  33 175 255
255 240 207 207 207 246 240 227 137  33 246 207 207 207 240 255
255 175 252 239 254 207  80 114 108  16 207 254 239 252 175 255
255 175 207   0 239 207 169 118 108 180 207 239   0 207 175 255
255 175 246 207 252 207 175 127 144 207 207 252 207 246 175 255
255 230 175 175 175 240 230 244 244 200 240 175 175 175 230 255
255 255 255 255 255 255 255 255 255 255 255 255 255 255 255 255

255 255 255 255 255 255 255 255 255 255 255 255 255 255 255 255
255 206 145 148 168 255 218 143 146 136 201 148 150 150 213 255
255 250 117 205 239 242 255 102 124  40 140 205 165 232 173 255
255 254 178   3 174  64 246 149  75  44 153 185   1 192 173 255
255 224  85 198 232 161  47 133 186 124 208 178 197 209 171 255
255 144 100 150 175 122 217 128 154 101 156 155 151 202 242 255
255 176 129 171 102  67 145 126 138 150  56  48 135 152 210 255
255 163 129 210 114  33  67  86 139 177 204 116 121 186 227 255
255 225 148 138  63  64 168 116 158 144 198 133  73 112 229 255
255 228 155 206  82  86 180 167 119 117 185  67 202 189 238 255
255 208 194 147 219 129  17 194 145 164 207 208 151 146 216 255
255 148 207 197 175 152 127  29 180 230 193 178 197 209 171 255
255 150 165   2 210 221  43  20  23 134 141 185   0 192 173 255
255 150 227 179 210 176 102 110  35  97 188 206 178 236 173 255
255 206 161 161 159 212 235 202 196 225 211 159 161 161 217 255
255 255 255 255 255 255 255 255 255 255 255 255 255 255 255 255
255 255 255 255 255 255 255 255 255 255 255 255 255 255 255 255
255 206 145 148 168 255 218 143 146 136 201 148 150 150 213 255
255 250 117 205 239 242 255 102 124  40 140 205 165 232 173 255
255 254 178   3 174  64 246 149  75  44 153 185   1 192 173 255
255 224  85 198 232 161  47 133 186 124 208 178 197 209 171 255
255 144 100 150 175 122 217 128 154 101 156 155 151 202 242 255
255 176 129 171 102  67 145 126 138 150  56  48 135 152 210 255
255 163 129 210 114  33  67  86 139 177 204 116 121 186 227 255
255 225 148 138  63  64 168 116 158 144 198 133  73 112 229 255
255 228 155 206  82  86 180 167 119 117 185  67 202 189 238 255
255 208 194 147 219 129  17 194 145 164 207 208 151 146 216 255
255 148 207 197 175 152 127  29 180 230 193 178 197 209 171 255
255 150 165   2 210 221  43  20  23 134 141 185   0 192 173 255
255 150 227 179 210 176 102 110  35  97 188 206 178 236 173 255
255 206 161 161 159 212 235 202 196 225 211 159 161 161 217 255
255 255 255 255 255 255 255 255 255 255 255 255 255 255 255 255
255 255 255 255 255 255 255 255 255 255 255 255 255 255 255 255
255 206 145 148 168 255 218 143 146 136 201 148 150 150 213 255
255 250 117 205 239 242 255 102 124  40 140 205 165 232 173 255
255 254 178   3 174  64 246 149  75  44 153 185   1 192 173 255
255 224  85 198 232 161  47 133 186 124 208 178 197 209 171 255
255 144 100 150 175 122 217 128 154 101 156 155 151 202 242 255
255 176 129 171 102  67 145 126 138 150  56  48 135 152 210 255
255 163 129 210 114  33  67  86 139 177 204 116 121 186 227 255
255 225 148 138  63  64 168 116 158 144 198 133  73 112 229 255
255 228 155 206  82  86 180 167 119 117 185  67 202 189 238 255
255 208 194 147 219 129  17 194 145 164 207 208 151 146 216 255
255 148 207 197 175 152 127  29 180 230 193 178 197 209 171 255
255 150 165   2 210 221  43  20  23 134 141 185   0 192 173 255
255 150 227 179 210 176 102 110  35  97 188 206 178 236 173 255
255 206 161 161 159 212 235 202 196 225 211 159 161 161 217 255
255 255 255 255 255 255 255 255 255 255 255 255 255 255 255 255

255 255 255 255 255 255 255 255 255 255 255 255 255 255 255 255
255 212 162 162 160 241 205 226 223 236 210 160 162 162 212 255
255 162 232 179 208 198 147 177 111 186 147 208 179 232 162 255
255 162 179   2 198 156 142 118  72 198 156 198   2 179 162 255
255 160 208 198 177 151  35 122 129  64 208 177 198 208 160 255
255 210 147 156 220 156  53 204 201 187 210 203 147 198 214 255
255 150  35  30 121 102 151 172 149 119 164 231 137  93 228 255
255 159 140  78 182 158 140 135 158 123 148 174  22  36 197 255
255 156 109 143 134 128 123  90 108 163 188  30  22 108 203 255
255 225 255 249  46 208 143  68 165 183  17 125  51 103 232 255
255 255 241  64 165 125  75  41  60  94 135 147 211 169 210 255
255 176 228 175 219 165  96 109  75  90 216 177 198 208 160 255
255 160 220   2 212 161 183 225 135 207 147 198   2 179 162 255
255 158 134 186  75 107 129 128 147 151 198 208 179 232 162 255
255 217 252 255 228 157 185 177 225 232 214 160 162 162 212 255
255 255 255 255 255 255 255 255 255 255 255 255 255 255 255 255
255 255 255 255 255 255 255 255 255 255 255 255 255 255 255 255
255 212 162 162 160 241 205 226 223 236 210 160 162 162 212 255
255 162 232 179 208 198 147 177 111 186 147 208 179 232 162 255
255 162 179   2 198 156 142 118  72 198 156 198   2 179 162 255
255 160 208 198 177 151  35 122 129  64 208 177 198 208 160 255
255 210 147 156 220 156  53 204 201 187 210 203 147 198 214 255
255 150  35  30 121 102 151 172 149 119 164 231 137  93 228 255
255 159 140  78 182 158 140 135 158 123 148 174  22  36 197 255
255 156 109 143 134 128 123  90 108 163 188  30  22 108 203 255
255 225 255 249  46 208 143  68 165 183  17 125  51 103 232 255
255 255 241  64 165 125  75  41  60  94 135 147 211 169 210 255
255 176 228 175 219 165  96 109  75  90 216 177 198 208 160 255
255 160 220   2 212 161 183 225 135 207 147 198   2 179 162 255
255 158 134 186  75 107 129 128 147 151 198 208 179 232 162 255
255 217 252 255 228 157 185 177 225 232 214 160 162 162 212 255
255 255 255 255 255 255 255 255 255 255 255 255 255 255 255 255
255 255 255 255 255 255 255 255 255 255 255 255 255 255 255 255
255 212 162 162 160 241 205 226 223 236 210 160 162 162 212 255
255 162 232 179 208 198 147 177 111 186 147 208 179 232 162 255
255 162 179   2 198 156 142 118  72 198 156 198   2 179 162 255
255 160 208 198 177 151  35 122 129  64 208 177 198 208 160 255
255 210 147 156 220 156  53 204 201 187 210 203 147 198 214 255
255 150  35  30 121 102 151 172 149 119 164 231 137  93 228 255
255 159 140  78 182 158 140 135 158 123 148 174  22  36 197 255
255 156 109 143 134 128 123  90 108 163 188  30  22 108 203 255
255 225 255 249  46 208 143  68 165 183  17 125  51 103 232 255
255 255 241  64 165 125  75  41  60  94 135 147 211 169 210 255
255 176 228 175 219 165  96 109  75  90 216 177 198 208 160 255
255 160 220   2 212 161 183 225 135 207 147 198   2 179 162 255
255 158 134 186  75 107 129 128 147 151 198 208 179 232 162 255
255 217 252 255 228 157 185 177 225 232 214 160 162 162 212 255
255 255 255 255 255 255 255 255 255 255 255 255 255 255 255 255
